211 125 212 146 203 216 117 193 106 111 206 143 103 135 141 202 218 140 195 181 101 112 127 213 102 199 104 219 126 121 116 149 114 122 142 133 134 65 109 194 178 107 220 139 105 204 184 138 173 210 120 113 94 136 67 52 119 148 215 57 185 207 128 53 169 190 71 137 131 124 62 118 163 132 55 89 64 188 154 147 70 192 196 108 153 63 208 183 79 144 180 145 129 130 189 198 197 179 75 61 97 155 115 176 96 56 167 83 177 201 205 73 51 162 72 80 69 54 23 86 59 31 99 90 68 84 123 91 160 175 34 209 76 87 66 58 81 2 168 28 27 78 172 161 214 -1
211 160400 22784 14089 6598.84
125 39400 10441 5985 6515.17
212 160400 19827 12469 6416.98
146 36828 8989 5243 6321.2
203 37400 9649 5676 6254.83
216 159600 22622 14442 6249.84
117 33600 9987 5860 6213.51
193 40000 10629 6309 6213.46
106 40200 9838 5861 6182.95
111 40200 9981 5958 6164.85
206 39800 10951 6535 6161.87
143 40000 9956 5951 6149.79
103 40000 11719 7012 6140.39
135 40000 9492 5695 6115.41
141 39601 8252 4968 6078.21
202 40000 8954 5408 6054.3
218 160000 29443 19143 6047.73
140 40000 8036 4858 6045.84
195 40000 10061 6099 6020.27
181 40200 7568 4595 6008.43
101 40200 9972 6066 5990.97
112 40200 9058 5520 5974.1
127 39200 7594 4626 5963.58
213 160400 24449 16034 5951.43
102 40200 8990 5497 5942.73
199 40000 9097 5562 5940.65
104 38200 9579 5855 5917.53
219 159600 25833 16991 5915.92
126 39800 10094 6196 5900.86
121 40000 10561 6491 5891.58
116 40200 8470 5220 5868.77
149 40000 10146 6257 5859.84
114 40200 8375 5187 5822.11
122 40000 9423 5855 5788.66
142 37436 6717 4166 5769.71
133 36860 7298 4531 5751.54
134 39000 9406 5866 5739.87
65 10100 3703 2106 5736.81
109 40200 11024 6892 5732.82
194 39200 9221 5768 5713.9
178 10000 3466 1976 5712.26
107 28800 8435 5186 5705.98
220 158802 25130 16927 5639.56
139 39000 7799 4916 5637.8
105 40200 9806 6229 5579.23
204 40000 10064 6394 5574.91
184 40200 6733 4279 5574.59
138 40000 10802 6865 5571.91
173 10000 2998 1745 5553.54
210 39800 9720 6201 5532.1
120 40200 9331 5967 5514.1
113 33000 7353 4657 5503.53
94 10000 2549 1494 5499.62
136 40000 11674 7476 5497.5
67 10100 2711 1591 5495.51
52 10100 2636 1547 5495.43
119 40200 10192 6542 5477.47
148 40000 6912 4436 5476.33
215 160400 25688 17557 5473.2
57 10100 3162 1862 5468.91
185 40200 5759 3703 5460.38
207 40000 9274 5974 5439.88
128 39800 9254 5960 5439.15
53 10100 2554 1511 5432.29
169 10000 3424 2029 5413.66
190 40200 7590 4907 5406.62
71 9603 2835 1684 5371.04
137 39402 9220 5979 5366.27
131 39601 9447 6135 5354.61
124 40000 10025 6525 5337.36
62 10100 3372 2023 5321.62
118 40200 10166 6631 5318.46
163 8835 1834 1092 5303.65
132 39800 9665 6311 5302.71
55 10100 2834 1706 5294.54
89 10000 3912 2360 5271.61
64 10100 2839 1714 5271.16
188 40200 8393 5501 5270.21
154 9500 2009 1208 5268.38
147 39800 10657 6983 5267.94
70 10100 2795 1691 5254.2
192 40000 8557 5620 5247.17
196 39600 9761 6411 5241.81
108 40200 10938 7207 5217.16
153 10100 2116 1288 5205.16
63 10100 3124 1903 5199.05
208 40000 9134 6029 5196.88
183 40200 9325 6164 5184.69
79 9801 3009 1836 5168.65
144 38809 10184 6740 5155.21
180 10000 2924 1793 5139.67
145 39800 9262 6149 5135.84
129 40000 10954 7280 5127.54
130 39601 9670 6424 5126.88
189 39800 8570 5698 5120.83
198 39006 8199 5452 5109.84
197 39200 6562 4368 5101.69
179 10000 2935 1811 5088.72
75 8800 2705 1660 5062.08
61 9999 2803 1740 5039.13
97 10000 3956 2458 5031.6
155 9200 2264 1401 5019.21
115 40200 8220 5526 5012.71
176 10000 3672 2291 4997.37
96 8800 3442 2131 4990.82
56 10100 3127 1956 4981.36
167 10000 3928 2458 4972.74
83 10000 3132 1961 4968.04
177 10000 3489 2186 4962.42
201 40000 9693 6551 4955.53
205 40000 8802 5950 4953.48
73 9900 3576 2246 4936.63
51 10100 2713 1710 4917.79
162 10000 3505 2208 4917.02
72 9200 2541 1597 4891.79
80 9800 3049 1928 4874.66
69 9999 2763 1755 4847.58
54 8700 2492 1572 4831.4
23 2500 1172 671 4825.21
86 9900 2292 1460 4818.2
59 10100 2911 1858 4811.78
31 2500 1408 810 4794.07
99 9900 3151 2017 4776.84
90 10000 3178 2036 4774.88
68 9999 2399 1538 4768.9
84 9800 3139 2018 4734.9
123 39800 8191 5665 4712.31
91 10000 3553 2297 4697.26
160 10100 2835 1835 4692.09
175 10000 2810 1819 4686.16
34 2500 1402 821 4677.72
209 39600 7364 5110 4674.88
76 10000 3226 2093 4666.76
87 10000 3479 2259 4659.67
66 10100 2848 1852 4651.99
58 9999 2792 1816 4644.94
81 8722 2096 1354 4634.12
2 1892 449 258 4630.66
168 10000 2572 1676 4629
28 2500 1229 725 4628.97
27 2500 1384 817 4624.37
78 9702 1913 1247 4610.85
172 10000 3759 2465 4574.17
161 10000 2727 1793 4551.05
214 160400 21103 15573 4531.16
14 900 470 253 4531.04
45 2500 1239 743 4518.73
95 9900 3121 2059 4516.55
24 2500 1095 658 4504.78
191 40000 8185 5777 4497.59
157 9999 1922 1273 4486.8
77 10000 1993 1322 4473.69
4 2176 536 320 4468.08
82 10000 3316 2203 4459.96
98 10000 3252 2165 4441.5
93 9800 3007 2002 4431.28
88 10000 3079 2062 4388.96
29 2500 988 604 4387.13
187 39999 3620 2584 4375.15
39 2500 857 528 4333.32
48 2500 1199 739 4330.57
165 9800 2752 1854 4326.38
170 10000 2829 1911 4311.81
100 9900 3059 2069 4295.68
30 2300 799 492 4290.86
38 2500 789 490 4277.6
44 2500 1126 700 4270.48
46 2500 968 603 4256.21
217 157200 18756 14145 4243.77
186 40200 4684 3388 4231.9
164 9900 2325 1591 4190.34
171 10000 3263 2236 4182.19
150 40000 8793 6399 4162.26
159 9999 1308 902 4124.43
166 9900 2728 1881 4121.12
21 2500 1255 798 4110.35
37 2500 1166 742 4104.62
7 900 213 124 4100.59
92 10000 3244 2249 4075.61
200 40000 6854 5030 4068.4
33 2500 1175 752 4063.58
174 10000 3635 2525 4057.6
36 2500 655 424 3980.86
74 10000 3049 2137 3974.55
32 2500 1373 892 3954.4
47 2500 966 636 3856.05
11 900 433 266 3784.99
156 10100 1750 1267 3671.37
151 10100 1961 1420 3669.77
85 9900 3815 2768 3642.74
158 10100 1902 1388 3594.78
18 900 481 305 3590.91
17 900 457 290 3586.22
42 2500 1031 704 3580.1
25 2250 743 508 3522.06
13 900 464 300 3468.66
279 160400 10513 8407 3463.86
49 2500 968 671 3463.28
182 39800 4816 3728 3452.07
41 2500 1177 819 3433.31
26 2500 1044 732 3373.34
50 2500 1329 932 3371.87
3 1064 263 175 3364.51
9 621 176 114 3268.54
225 10100 1180 905 3100.06
12 900 494 338 3099.09
22 2500 692 508 3001.36
10 1848 418 303 2985.53
256 39800 3341 2691 2972.86
221 9900 1185 928 2878.66
152 10100 1712 1357 2758.31
253 39400 2896 2379 2725.3
60 10100 2094 1666 2718.86
239 10000 1558 1250 2626.84
110 40200 9570 7938 2608.29
16 900 403 297 2581.29
247 40200 2403 2004 2539.6
236 10000 1640 1334 2479.29
40 2500 1195 934 2465.35
289 160000 12876 11044 2459.7
252 39800 3940 3311 2439.45
15 900 434 329 2374.3
226 10100 1286 1067 2265.28
232 10000 1927 1610 2185.89
6 600 157 121 2116.16
20 900 416 328 2075.99
299 158802 9282 8189 2034.43
35 2500 1045 866 1933.49
224 10100 1555 1342 1822.08
43 2500 1137 955 1806.83
245 40200 2691 2380 1767.64
234 10000 1735 1508 1738.51
227 9400 1030 895 1729.89
8 1088 231 192 1703.08
258 35400 2966 2636 1681.32
257 39800 3965 3537 1649.44
278 160400 8433 7679 1546.03
233 10000 1722 1531 1473.84
263 40000 3797 3436 1453.48
251 39800 3401 3080 1442.23
267 39402 3764 3413 1423.58
283 160400 6803 6251 1403.03
242 40200 3224 2932 1385.27
230 10100 1209 1084 1375.32
286 160000 8844 8144 1368.32
222 9300 1486 1332 1366.21
228 10100 813 735 1276.21
271 160400 6319 5866 1239.59
272 160400 7273 6763 1212.51
249 40200 2967 2737 1185.65
5 1080 209 185 1157.15
269 40000 4579 4235 1148.5
276 160400 8662 8116 1089.94
235 9600 1418 1307 1035.54
244 39999 3398 3210 845.816
268 39600 4085 3871 800.114
255 40000 4658 4446 695.791
287 159201 9355 8990 674.225
273 159600 11306 10890 635.962
261 39800 3398 3260 620.573
260 40000 3738 3599 568.484
250 40200 2780 2708 396.127
259 40000 3988 3912 291.341
238 10000 1784 1753 230.896
280 90400 6597 6529 169.707
277 160400 11771 11681 132.208
241 40200 3001 2982 96.8355
274 159999 7650 7608 94.9129
298 140448 6989 6989 0
1 21 9 9 0
285 160400 6957 6957 0
300 156400 8168 8168 0
297 145888 5812 5812 0
296 80290 3674 3674 0
295 155610 7626 7626 0
294 159600 8559 8559 0
288 110160 5935 5935 0
293 160000 8648 8648 0
231 10000 1570 1570 0
19 900 402 402 0
290 156414 7173 7173 0
291 159600 8209 8209 0
292 160000 9492 9492 0
262 40000 3920 3920 0
237 10000 1837 1837 0
229 10100 1104 1104 0
240 10000 2016 2016 0
243 40200 2236 2236 0
246 40000 2626 2626 0
248 40200 2289 2289 0
223 10100 1339 1339 0
254 39800 2912 2912 0
284 160400 5892 5892 0
264 39800 4144 4144 0
265 39800 2930 2930 0
266 37412 3246 3246 0
270 39402 3450 3450 0
275 128000 5845 5845 0
281 160400 6999 6999 0
282 160400 6409 6409 0
