1 9
2 449
3 263
4 536
5 209
6 157
7 213
8 231
9 176
10 418
11 433
12 494
13 464
14 470
15 434
16 403
17 457
18 481
19 402
20 416
21 1255
22 692
23 1172
24 1095
25 743
26 1044
27 1384
28 1229
29 988
30 799
31 1408
32 1373
33 1175
34 1402
35 1045
36 655
37 1166
38 789
39 857
40 1195
41 1177
42 1031
43 1137
44 1126
45 1239
46 968
47 966
48 1199
49 968
50 1329
51 2713
52 2636
53 2554
54 2492
55 2834
56 3127
57 3162
58 2792
59 2911
60 2094
61 2803
62 3372
63 3124
64 2839
65 3703
66 2848
67 2711
68 2399
69 2763
70 2795
71 2835
72 2541
73 3576
74 3049
75 2705
76 3226
77 1993
78 1913
79 3009
80 3049
81 2096
82 3316
83 3132
84 3139
85 3815
86 2292
87 3479
88 3079
89 3912
90 3178
91 3553
92 3244
93 3007
94 2549
95 3121
96 3442
97 3956
98 3252
99 3151
100 3059
101 9972
102 8990
103 11719
104 9579
105 9806
106 9838
107 8435
108 10938
109 11024
110 9570
111 9981
112 9058
113 7353
114 8375
115 8220
116 8470
117 9987
118 10166
119 10192
120 9331
121 10561
122 9423
123 8191
124 10025
125 10441
126 10094
127 7594
128 9254
129 10954
130 9670
131 9447
132 9665
133 7298
134 9406
135 9492
136 11674
137 9220
138 10802
139 7799
140 8036
141 8252
142 6717
143 9956
144 10184
145 9262
146 8989
147 10657
148 6912
149 10146
150 8793
151 1961
152 1712
153 2116
154 2009
155 2264
156 1750
157 1922
158 1902
159 1308
160 2835
161 2727
162 3505
163 1834
164 2325
165 2752
166 2728
167 3928
168 2572
169 3424
170 2829
171 3263
172 3759
173 2998
174 3635
175 2810
176 3672
177 3489
178 3466
179 2935
180 2924
181 7568
182 4816
183 9325
184 6733
185 5759
186 4684
187 3620
188 8393
189 8570
190 7590
191 8185
192 8557
193 10629
194 9221
195 10061
196 9761
197 6562
198 8199
199 9097
200 6854
201 9693
202 8954
203 9649
204 10064
205 8802
206 10951
207 9274
208 9134
209 7364
210 9720
211 22784
212 19827
213 24449
214 21103
215 25688
216 22622
217 18756
218 29443
219 25833
220 25130
221 1185
222 1486
223 1339
224 1555
225 1180
226 1286
227 1030
228 813
229 1104
230 1209
231 1570
232 1927
233 1722
234 1735
235 1418
236 1640
237 1837
238 1784
239 1558
240 2016
241 3001
242 3224
243 2236
244 3398
245 2691
246 2626
247 2403
248 2289
249 2967
250 2780
251 3401
252 3940
253 2896
254 2912
255 4658
256 3341
257 3965
258 2966
259 3988
260 3738
261 3398
262 3920
263 3797
264 4144
265 2930
266 3246
267 3764
268 4085
269 4579
270 3450
271 6319
272 7273
273 11306
274 7650
275 5845
276 8662
277 11771
278 8433
279 10513
280 6597
281 6999
282 6409
283 6803
284 5892
285 6957
286 8844
287 9355
288 5935
289 12876
290 7173
291 8209
292 9492
293 8648
294 8559
295 7626
296 3674
297 5812
298 6989
299 9282
300 8168

1 9
2 258
3 175
4 320
5 185
6 121
7 124
8 192
9 114
10 303
11 266
12 338
13 300
14 253
15 329
16 297
17 290
18 305
19 402
20 328
21 798
22 508
23 671
24 658
25 508
26 732
27 817
28 725
29 604
30 492
31 810
32 892
33 752
34 821
35 866
36 424
37 742
38 490
39 528
40 934
41 819
42 704
43 955
44 700
45 743
46 603
47 636
48 739
49 671
50 932
51 1710
52 1547
53 1511
54 1572
55 1706
56 1956
57 1862
58 1816
59 1858
60 1666
61 1740
62 2023
63 1903
64 1714
65 2106
66 1852
67 1591
68 1538
69 1755
70 1691
71 1684
72 1597
73 2246
74 2137
75 1660
76 2093
77 1322
78 1247
79 1836
80 1928
81 1354
82 2203
83 1961
84 2018
85 2768
86 1460
87 2259
88 2062
89 2360
90 2036
91 2297
92 2249
93 2002
94 1494
95 2059
96 2131
97 2458
98 2165
99 2017
100 2069
101 6066
102 5497
103 7012
104 5855
105 6229
106 5861
107 5186
108 7207
109 6892
110 7938
111 5958
112 5520
113 4657
114 5187
115 5526
116 5220
117 5860
118 6631
119 6542
120 5967
121 6491
122 5855
123 5665
124 6525
125 5985
126 6196
127 4626
128 5960
129 7280
130 6424
131 6135
132 6311
133 4531
134 5866
135 5695
136 7476
137 5979
138 6865
139 4916
140 4858
141 4968
142 4166
143 5951
144 6740
145 6149
146 5243
147 6983
148 4436
149 6257
150 6399
151 1420
152 1357
153 1288
154 1208
155 1401
156 1267
157 1273
158 1388
159 902
160 1835
161 1793
162 2208
163 1092
164 1591
165 1854
166 1881
167 2458
168 1676
169 2029
170 1911
171 2236
172 2465
173 1745
174 2525
175 1819
176 2291
177 2186
178 1976
179 1811
180 1793
181 4595
182 3728
183 6164
184 4279
185 3703
186 3388
187 2584
188 5501
189 5698
190 4907
191 5777
192 5620
193 6309
194 5768
195 6099
196 6411
197 4368
198 5452
199 5562
200 5030
201 6551
202 5408
203 5676
204 6394
205 5950
206 6535
207 5974
208 6029
209 5110
210 6201
211 14089
212 12469
213 16034
214 15573
215 17557
216 14442
217 14145
218 19143
219 16991
220 16927
221 928
222 1332
223 1339
224 1342
225 905
226 1067
227 895
228 735
229 1104
230 1084
231 1570
232 1610
233 1531
234 1508
235 1307
236 1334
237 1837
238 1753
239 1250
240 2016
241 2982
242 2932
243 2236
244 3210
245 2380
246 2626
247 2004
248 2289
249 2737
250 2708
251 3080
252 3311
253 2379
254 2912
255 4446
256 2691
257 3537
258 2636
259 3912
260 3599
261 3260
262 3920
263 3436
264 4144
265 2930
266 3246
267 3413
268 3871
269 4235
270 3450
271 5866
272 6763
273 10890
274 7608
275 5845
276 8116
277 11681
278 7679
279 8407
280 6529
281 6999
282 6409
283 6251
284 5892
285 6957
286 8144
287 8990
288 5935
289 11044
290 7173
291 8209
292 9492
293 8648
294 8559
295 7626
296 3674
297 5812
298 6989
299 8189
300 8168