214 211 124 202 210 218 205 180 110 104 217 134 120 198 209 103 116 117 115 142 215 203 140 121 126 145 119 212 113 206 219 147 192 139 194 102 133 105 141 187 201 111 196 146 101 143 191 125 197 208 200 131 56 216 135 189 100 107 190 93 148 132 98 149 82 128 137 193 184 127 168 54 188 108 122 64 138 109 112 114 118 67 84 59 136 88 144 177 182 106 66 207 53 172 74 86 123 70 69 61 195 50 185 75 171 65 183 52 63 96 62 129 51 176 130 152 83 178 166 153 99 60 72 162 85 73 78 94 170 181 175 161 213 91 79 156 204 81 159 95 89 68 55 76 174 -1
215 160400 25688 15265 7016.01
212 160400 19827 11784 7014.38
125 39400 10441 5674 6969.89
203 37400 9649 5270 6894.01
211 160400 22784 13866 6768.08
219 159600 25833 15890 6652.57
206 39800 10951 6211 6613.96
181 40200 7568 4299 6606.64
111 40200 9981 5672 6603.12
105 40200 9806 5590 6575.91
218 160000 29443 18321 6530.38
135 40000 9492 5440 6526.11
121 40000 10561 6061 6514.03
199 40000 9097 5235 6490.18
210 39800 9720 5604 6470.62
104 38200 9579 5521 6448.27
117 33600 9987 5708 6442.35
118 40200 10166 5891 6431.81
116 40200 8470 4920 6410.5
143 40000 9956 5795 6389.33
216 159600 22622 14267 6383.55
204 40000 10064 5888 6343.55
141 39601 8252 4826 6341.03
122 40000 9423 5515 6340.27
127 39200 7594 4446 6325.25
146 36828 8989 5243 6321.2
120 40200 9331 5477 6317.28
213 160400 24449 15533 6305.75
114 40200 8375 4936 6280.5
207 40000 9274 5466 6277.29
220 158802 25130 16016 6265.87
148 40000 6912 4090 6241.6
193 40000 10629 6291 6239.35
140 40000 8036 4758 6236.08
195 40000 10061 5978 6204.13
103 40000 11719 6971 6193.88
134 39000 9406 5586 6193.87
106 40200 9838 5861 6182.95
142 37436 6717 3986 6176.82
188 40200 8393 5005 6174.09
202 40000 8954 5350 6153.33
112 40200 9058 5415 6151.4
197 39200 6562 3930 6120.17
147 39800 10657 6389 6119.65
102 40200 8990 5399 6109.46
144 38809 10184 6108 6101.23
192 40000 8557 5148 6090.43
126 39800 10094 6086 6067.38
198 39006 8199 4943 6056.66
209 39600 7364 4445 6054.12
201 40000 9693 5857 6050.1
132 39800 9665 5842 6044.21
57 10100 3162 1729 6028.42
217 157200 18756 12211 6023.75
136 40000 11674 7095 5996.44
190 40200 7590 4616 5993.02
101 40200 9972 6066 5990.97
108 40200 10938 6671 5966.66
191 40000 8185 4992 5963.8
94 10000 2549 1405 5963.57
149 40000 10146 6211 5929.15
133 36860 7298 4451 5917.83
99 9900 3151 1748 5909.97
150 40000 8793 5398 5902.63
83 10000 3132 1743 5892.92
129 40000 10954 6734 5889.55
138 40000 10802 6645 5883.26
194 39200 9221 5672 5872.75
185 40200 5759 3548 5872.03
128 39800 9254 5700 5868.47
169 10000 3424 1912 5867.7
55 10100 2834 1584 5867.18
189 39800 8570 5282 5862.57
109 40200 11024 6802 5857.68
123 39800 8191 5060 5840.95
65 10100 3703 2078 5837.39
139 39000 7799 4820 5825.53
110 40200 9570 5933 5812.7
113 33000 7353 4507 5809.73
115 40200 8220 5114 5779.32
119 40200 10192 6342 5777.61
68 9999 2399 1358 5765.89
85 9900 3815 2159 5761.58
60 10100 2094 1188 5755.34
137 39402 9220 5758 5732.19
89 10000 3912 2228 5719.97
145 39800 9262 5797 5716.57
178 10000 3466 1976 5712.26
183 40200 9325 5844 5709.55
107 28800 8435 5184 5709.5
67 10100 2711 1548 5706.49
208 40000 9134 5734 5690.63
54 8700 2492 1410 5682.15
173 10000 2998 1716 5682.07
75 8800 2705 1533 5677.28
87 10000 3479 1994 5671.82
124 40000 10025 6306 5671.32
71 9603 2835 1623 5655.69
70 10100 2795 1607 5653.97
62 10100 3372 1939 5652.98
196 39600 9761 6157 5639.24
51 10100 2713 1573 5589.52
186 40200 4684 2973 5587.02
76 10000 3226 1871 5581.17
172 10000 3759 2181 5578.08
66 10100 2848 1654 5576.78
184 40200 6733 4279 5574.59
53 10100 2554 1485 5567.7
64 10100 2839 1654 5552.29
97 10000 3956 2309 5532.07
63 10100 3124 1827 5522.66
130 39601 9670 6186 5502.79
52 10100 2636 1547 5495.43
177 10000 3489 2048 5487.99
131 39601 9447 6081 5441.91
153 10100 2116 1251 5437.75
84 9800 3139 1852 5436.05
179 10000 2935 1735 5432.8
167 10000 3928 2323 5429.42
154 9500 2009 1184 5426.24
100 9900 3059 1811 5415.16
61 9999 2803 1661 5413.63
73 9900 3576 2118 5411.73
163 8835 1834 1078 5403.72
86 9900 2292 1362 5385.73
74 10000 3049 1815 5377.84
79 9801 3009 1789 5375.75
95 9900 3121 1857 5375.63
171 10000 3263 1943 5375.35
182 39800 4816 3122 5374.82
176 10000 3672 2187 5373.71
162 10000 3505 2090 5364.37
214 160400 21103 14562 5359.55
92 10000 3244 1944 5324.92
80 9800 3049 1828 5309.51
157 9999 1922 1154 5309.5
205 40000 8802 5753 5295.64
82 10000 3316 1997 5285.43
160 10100 2835 1714 5259.83
96 8800 3442 2062 5253.5
90 10000 3178 1925 5238.99
69 9999 2763 1674 5237.12
56 10100 3127 1897 5232.35
77 10000 1993 1213 5200.41
175 10000 2810 1715 5177.95
59 10100 2911 1781 5163.63
58 9999 2792 1710 5149.41
180 10000 2924 1793 5139.67
93 9800 3007 1842 5136.76
161 10000 2727 1675 5126.03
168 10000 2572 1582 5114.63
98 10000 3252 2004 5099.34
155 9200 2264 1389 5089
91 10000 3553 2196 5074.99
174 10000 3635 2248 5070.17
45 2500 1239 683 5065.35
166 9900 2728 1690 5050.44
170 10000 2829 1755 5044.54
88 10000 3079 1916 5019.04
23 2500 1172 651 5017.83
158 10100 1902 1196 4937.57
151 10100 1961 1238 4904.33
34 2500 1402 793 4903.15
30 2300 799 449 4891.86
72 9200 2541 1597 4891.79
31 2500 1408 799 4882.26
27 2500 1384 790 4844.58
81 8722 2096 1321 4840.22
187 39999 3620 2481 4810.13
39 2500 857 492 4807.49
24 2500 1095 629 4803.72
165 9800 2752 1765 4755.16
200 40000 6854 4749 4695.16
152 10100 1712 1109 4685.25
48 2500 1199 702 4678.89
78 9702 1913 1239 4666.23
14 900 470 247 4656.33
2 1892 449 258 4630.66
28 2500 1229 725 4628.97
159 9999 1308 854 4612.05
38 2500 789 467 4606.65
33 2500 1175 696 4601.54
289 160000 12550 9210 4600.87
42 2500 1031 613 4576.4
156 10100 1750 1149 4568.31
4 2176 536 320 4468.08
44 2500 1126 682 4450.93
41 2500 1177 713 4449.87
35 2500 1045 635 4428.67
43 2500 1137 691 4427.72
32 2500 1373 835 4423.01
40 2500 1195 728 4411.18
29 2500 988 604 4387.13
49 2500 968 594 4361.16
164 9900 2325 1574 4287.39
18 900 481 271 4284.6
47 2500 966 600 4276.71
46 2500 968 603 4256.21
37 2500 1166 727 4249.83
21 2500 1255 799 4101.35
7 900 213 124 4100.59
36 2500 655 420 4049.79
17 900 457 271 3994.23
3 1064 263 159 3976.23
11 900 433 258 3966.31
296 80290 3674 2800 3875.89
10 1848 418 269 3868.21
9 621 176 103 3848.45
260 40000 3738 2802 3828.06
50 2500 1329 879 3822.02
26 2500 1044 698 3740.95
12 900 494 309 3675.2
13 900 464 294 3595.57
286 160000 8844 7018 3569.35
22 2500 692 475 3539.64
25 2250 743 508 3522.06
15 900 434 279 3504.92
279 160400 10513 8407 3463.86
295 155610 7626 6098 3455.85
257 39800 3965 3105 3314.3
20 900 416 276 3302.71
227 9400 1030 788 3100.99
225 10100 1180 905 3100.06
19 900 402 278 3027.14
221 9900 1185 918 2990.67
274 159999 7650 6330 2982.98
256 39800 3341 2691 2972.86
278 160400 8433 6989 2960.83
230 10100 1209 943 2926.67
253 39400 2896 2341 2925.61
233 10000 1722 1344 2916.81
16 900 403 284 2897.87
232 10000 1927 1507 2896.13
283 160400 6803 5669 2882.31
236 10000 1640 1285 2876.3
290 156414 7173 5978 2874.63
224 10100 1555 1224 2831.5
244 39999 3398 2770 2825.39
268 39600 4085 3347 2759.27
298 140448 6989 5876 2723.13
240 10000 2016 1605 2708.95
238 10000 1784 1421 2703.72
237 10000 1837 1464 2698.05
235 9600 1418 1132 2668.15
261 39800 3398 2805 2666.66
249 40200 2967 2450 2665.14
252 39800 3940 3255 2656.63
254 39800 2912 2409 2639.45
239 10000 1558 1250 2626.84
272 160400 7273 6173 2615.21
222 9300 1486 1195 2581.6
264 39800 4144 3449 2562.73
226 10100 1286 1039 2554.91
247 40200 2403 2004 2539.6
245 40200 2691 2250 2506.52
273 159600 11306 9680 2485.76
275 128000 5845 4989 2484.64
292 160000 9492 8159 2427.78
282 160400 6409 5514 2414.69
262 40000 3920 3303 2406.25
271 160400 6319 5445 2391.61
281 160400 6999 6047 2351.95
6 600 157 117 2351.29
288 110160 5935 5110 2328.24
259 40000 3988 3409 2219.56
5 1080 209 163 2217.86
269 40000 4579 3916 2213.53
242 40200 3224 2763 2187.02
251 39800 3401 2916 2179.07
231 10000 1570 1316 2149.73
248 40200 2289 1975 2098.12
299 158802 9282 8189 2034.43
300 156400 7858 6940 2015.78
250 40200 2780 2422 1969.63
263 40000 3797 3321 1916.5
234 10000 1735 1487 1899.34
294 159600 8386 7475 1877.63
297 145888 5812 5176 1877.2
265 39800 2930 2580 1825.31
8 1088 231 190 1790.42
267 39402 3764 3325 1780.49
277 160400 11771 10578 1752.49
287 159201 9304 8373 1729.16
229 10100 1104 961 1723
258 35400 2966 2636 1681.32
284 160400 5892 5324 1666.92
270 39402 3450 3088 1601.82
293 160000 8648 7871 1553.26
276 160400 8662 7888 1545.08
255 40000 4658 4196 1516.3
280 90400 6597 6014 1454.98
241 40200 3001 2752 1269.05
246 40000 2626 2415 1228.37
223 10100 1339 1216 1221.92
228 10100 791 725 1109.91
291 159600 8209 7692 1088.55
266 37412 3246 3126 561.598
243 40200 2236 2236 0
1 21 9 9 0
285 160400 6957 6957 0
